0	2.359000064E-5
0.00999528099999836	1.278999989E-4
0.0199955099999993	3.15399986E-4
0.0299957389999985	5.860999809E-4
0.0399959669999994	9.399999981E-4
0.0499952429999997	0.001377000008
0.0599954709999988	0.001898000017
0.0699956999999998	0.002500999952
0.079995928999999	0.003188000061
0.0899952039999992	0.00395799987
0.0999954329999984	0.004811000079
0.109995661999999	0.005747999996
0.119995890999999	0.006767000072
0.129995165999999	0.007869999856
0.139995395	0.009056000039
0.149995623999999	0.01032999996
0.159995853	0.01168000046
0.169995127999998	0.01310999971
0.179995356999999	0.01463000011
0.189995585999998	0.01624000072
0.199995814999999	0.01792000048
0.20999509	0.01968999952
0.219995318999999	0.02153999917
0.229995548	0.02347999997
0.239995776999999	0.02549000084
0.249996006	0.02759999968
0.259995280999998	0.02978000045
0.269995509999999	0.03204999864
0.279995738999999	0.03440000117
0.289995966999999	0.03683000058
0.299995243	0.03934999928
0.309995470999999	0.04194999859
0.3199957	0.041269999
0.329995928999999	0.04005999863
0.339995203999999	0.03903999925
0.349995432999998	0.03821000084
0.359995661999999	0.03756999969
0.369995890999999	0.03711999953
0.379996119999999	0.03685000166
0.389995395	0.03677999973
0.399995623999999	0.03689999878
0.409995853	0.03720999882
0.419996081999999	0.03770000115
0.429995356999999	0.03824999928
0.439995585999998	0.03880000114
0.449995814999999	0.03934999928
0.459996043999999	0.03990000114
0.469995318999999	0.04046000168
0.479995548	0.0410300009
0.489995776999999	0.04159000143
0.499996006	0.04216000065
0.509995280999998	0.04272999987
0.519995509999999	0.04329999909
0.529995738999999	0.04388000071
0.539995966999999	0.04445999861
0.549995243	0.04504999891
0.559995470999999	0.04563000053
0.5699957	0.04622000083
0.579995928999999	0.04681999981
0.589995203999999	0.04741000012
0.599995432999998	0.0480099991
0.609995661999999	0.04862000048
0.619995890999999	0.04921999946
0.629996119999999	0.04983000085
0.639995395	0.05043999851
0.649995623999999	0.05105999857
0.659995852999999	0.05167999864
0.669995605	0.0522999987
0.679995834	0.05291999876
0.689995585999999	0.05355000123
0.699995814999999	0.05417999998
0.709995566999999	0.05480999872
0.719995795999999	0.05544999987
0.729995547999999	0.05609000102
0.739995776999999	0.05672999844
0.749995529	0.05737999827
0.759995757999999	0.05803000182
0.769995509999999	0.05868000165
0.779995738999999	0.05933000147
0.789995490999999	0.05998999998
0.799995718999999	0.06064999849
0.809995470999999	0.0613199994
0.819995699999999	0.06199000031
0.829995451999999	0.06266000122
0.839995681	0.06332000345
0.849995432999999	0.06396999955
0.859995661999999	0.0645999983
0.869995413999999	0.06521999836
0.879995642999999	0.06581000239
0.889995871999999	0.06639000028
0.899995623999999	0.06695000082
0.909995852999999	0.06750000268
0.919995605	0.06802000105
0.929995834	0.06853000075
0.939995585999999	0.06902000308
0.949995814999999	0.06949000061
0.959995566999999	0.06994999945
0.969995795999999	0.07039000094
0.979995547999999	0.07080999762
0.989995776999999	0.07120999694
0.999995529	0.0715899989
1.009995758	0.07196000218
1.01999551	0.07231000066
1.029995739	0.07264000177
1.039995491	0.07295999676
1.049995719	0.07325000316
1.059995471	0.07353000343
1.0699957	0.07378999889
1.079995452	0.07404000312
1.089995681	0.07425999641
1.099995433	0.07446999848
1.109995662	0.07466000319
1.119995414	0.07484000176
1.129995643	0.07498999685
1.139995872	0.07519000024
1.149995624	0.07546000183
1.159995853	0.07575000077
1.169995605	0.0760499984
1.179995834	0.07637999952
1.189995586	0.07672999799
1.199995815	0.07710000128
1.209995567	0.07749000192
1.219995796	0.07789000124
1.229995548	0.0783199966
1.239995777	0.07875999808
1.249995529	0.07919999957
1.259995758	0.07964000106
1.26999551	0.08008000255
1.279995739	0.08053000271
1.289995491	0.08096999675
1.299995719	0.08141999692
1.309995471	0.0818599984
1.3199957	0.08230999857
1.329995452	0.08275999874
1.339995681	0.08320999891
1.349995433	0.08365999907
1.359995662	0.08410999924
1.369995414	0.08456999809
1.379995643	0.08501999825
1.389995872	0.0854799971
1.399995624	0.0859400034
1.409995853	0.08640000224
1.419995605	0.08685000241
1.429995834	0.08731999993
1.439995586	0.08777999878
1.449995815	0.08823999763
1.459995567	0.08869999647
1.469995796	0.08917000145
1.479995548	0.08963999897
1.489995777	0.09009999782
1.499995529	0.09057000279
1.509995758	0.09104000032
1.51999551	0.09150999784
1.529995739	0.0919900015
1.539995491	0.09245999902
1.549995719	0.09292999655
1.559995471	0.09341000021
1.5699957	0.09388999641
1.579995452	0.09436000139
1.589995681	0.09483999759
1.599995433	0.09532000124
1.609995662	0.09579999745
1.619995414	0.09628999978
1.629995643	0.09677000344
1.639995872	0.09725999832
1.649995624	0.09774000198
1.659995853	0.09822999686
1.669995605	0.09871999919
1.679995834	0.09921000153
1.689995586	0.09969999641
1.699995815	0.1001999974
1.709995567	0.1006999984
1.719995796	0.1011999995
1.729995548	0.1017000005
1.739995777	0.1022000015
1.749995529	0.1027000025
1.759995758	0.1032000035
1.76999551	0.1036999971
1.779995739	0.1041999981
1.789995491	0.1046999991
1.799995719	0.1052000001
1.809995471	0.1057000011
1.8199957	0.1062000021
1.829995452	0.1067000031
1.839995681	0.1071999967
1.849995433	0.1076999977
1.859995662	0.1081999987
1.869995414	0.1086999997
1.879995643	0.1092000008
1.889995872	0.1097000018
1.899995624	0.1102000028
1.909995853	0.1106999964
1.919995605	0.1110000014
1.929995834	0.1112999991
1.939995586	0.1116999984
1.949995815	0.1120000035
1.959995567	0.1124000028
1.969995796	0.1128000021
1.979995548	0.1132000014
1.989995777	0.1137000024
1.999995529	0.1141000018
2.009995758	0.1146000028
2.01999551	0.1150999963
2.029995739	0.1155999973
2.039995491	0.1159999967
2.049995719	0.1164999977
2.059995471	0.1169999987
2.0699957	0.1174999997
2.079995452	0.1180000007
2.089995681	0.1185000017
2.099995433	0.1190000027
2.109995662	0.1194000021
2.119995414	0.1199000031
2.129995643	0.1203999966
2.139995872	0.1208999977
2.149995624	0.1213999987
2.159995853	0.1218999997
2.169995605	0.1224000007
2.179995834	0.1229000017
2.189995586	0.1234000027
2.199995815	0.1238999963
2.209995567	0.1243999973
2.219995796	0.1248999983
2.229995548	0.1254000068
2.239995777	0.1259000003
2.249995529	0.1263999939
2.259995758	0.1270000041
2.26999551	0.1274999976
2.279995739	0.1280000061
2.289995491	0.1284999996
2.299995719	0.1289999932
2.309995471	0.1295000017
2.3199957	0.1300999969
2.329995452	0.1306000054
2.339995681	0.131099999
2.349995433	0.1316000074
2.359995662	0.132100001
2.369995414	0.1326999962
2.379995643	0.1332000047
2.389995395	0.1338
2.399995624	0.1342999935
2.409995376	0.134800002
2.419995605	0.1353999972
2.429995357	0.1360000074
2.439995586	0.136500001
2.449995815	0.1370999962
2.459995567	0.1377000064
2.469995796	0.1381999999
2.479995548	0.1387999952
2.489995777	0.1394000053
2.499995529	0.1400000006
2.509995758	0.1405999959
2.51999551	0.141200006
2.529995739	0.1418000013
2.539995491	0.1423999965
2.549995719	0.1430000067
2.559995471	0.1436000019
2.5699957	0.1441999972
2.579995452	0.1448999941
2.589995681	0.1455000043
2.599995433	0.1460999995
2.609995662	0.1467999965
2.619995414	0.1474000067
2.629995643	0.1480000019
2.639995395	0.1486999989
2.649995624	0.1492999941
2.659995376	0.150000006
2.669995605	0.1506000012
2.679995357	0.1512999982
2.689995586	0.1519999951
2.699995815	0.1526000053
2.709995567	0.1533000022
2.719995796	0.1539999992
2.729995548	0.1545999944
2.739995777	0.1553000063
2.749995529	0.1560000032
2.759995758	0.1565999985
2.76999551	0.1572999954
2.779995739	0.1580000073
2.789995491	0.1587000042
2.799995719	0.1594000012
2.809995471	0.1600999981
2.8199957	0.1607999951
2.829995452	0.1615000069
2.839995681	0.1622000039
2.849995433	0.1629000008
2.859995662	0.1635999978
2.869995414	0.1642999947
2.879995643	0.1650000066
2.889995395	0.1657000035
2.899995624	0.1664000005
2.909995376	0.1670999974
2.919995605	0.167899996
2.929995357	0.168599993
2.939995586	0.1693000048
2.949995815	0.1700000018
2.959995567	0.1708000004
2.969995796	0.1714999974
2.979995548	0.1721999943
2.989995777	0.172999993
2.999995529	0.1737000048
3.009995758	0.1745000035
3.01999551	0.1752000004
3.029995739	0.175999999
3.039995491	0.176699996
3.049995719	0.1774999946
3.059995471	0.1782000065
3.0699957	0.1790000051
3.079995452	0.1798000038
3.089995681	0.1806000024
3.099995433	0.1815000027
3.109995662	0.1823000014
3.119995414	0.1832000017
3.129995643	0.1841000021
3.139995395	0.1850000024
3.149995624	0.1860000044
3.159995376	0.1870000064
3.169995605	0.1879000068
3.179995357	0.1889999956
3.189995586	0.1899999976
3.199995815	0.1909999996
3.209995567	0.1921000034
3.219995796	0.1932000071
3.230995475	0.1942999959
3.240995704	0.1955000013
3.250995456	0.196600005
3.260995685	0.1977999955
3.270995437	0.199000001
3.280995666	0.2002000064
3.290995418	0.2013999969
3.300995647	0.2026000023
3.310995399	0.2038999945
3.320995628	0.2052000016
3.33099538	0.206400007
3.340995609	0.2076999992
3.350995838	0.2090999931
3.36099559	0.2104000002
3.370995819	0.2117999941
3.380995571	0.2131000012
3.3909958	0.2144999951
3.400995552	0.2159000039
3.41099578	0.2172999978
3.420995533	0.2187999934
3.430995761	0.2202000022
3.440995513	0.2216999978
3.450995742	0.2231999934
3.460995494	0.2247000039
3.470995723	0.2261999995
3.480995475	0.227699995
3.490995704	0.2293000072
3.500995456	0.2309000045
3.510995685	0.2325000018
3.520995437	0.2340999991
3.530995666	0.2356999964
3.540995418	0.2372999936
3.550995647	0.2389999926
3.560995399	0.2406000048
3.570995628	0.2423000038
3.58099538	0.2440000027
3.590995609	0.2457000017
3.600995838	0.2475000024
3.61099559	0.2492000014
3.620995819	0.2509999871
3.630995571	0.2527999878
3.6409958	0.2545999885
3.650995552	0.2563999891
3.66099578	0.2583000064
3.670995533	0.2601000071
3.680995761	0.2619999945
3.690995513	0.2639000118
3.700995742	0.265899986
3.710995494	0.2678000033
3.720995723	0.2698999941
3.730995475	0.2718999982
3.740995704	0.273999989
3.750995456	0.2761999965
3.760995685	0.2784000039
3.770995437	0.2806000113
3.780995666	0.2829000056
3.790995418	0.2851999998
3.800995647	0.2876000106
3.810995399	0.2899999917
3.820995628	0.2924999893
3.830995857	0.2949000001
3.840995609	0.2975000143
3.850995838	0.3000000119
3.86099559	0.3025999963
3.870995819	0.3052000105
3.880995571	0.3079000115
3.8909958	0.3106000125
3.900995552	0.3133000135
3.91099578	0.3160000145
3.920995533	0.3188000023
3.930995761	0.3215999901
3.940995513	0.3244999945
3.950995742	0.3273000121
3.960995494	0.3303000033
3.970995723	0.3332000077
3.980995475	0.3361999989
3.990995704	0.33919999
4.000995456	0.342200011
4.010995685	0.345299989
4.020995437	0.3483999968
4.030995666	0.3515000045
4.040995418	0.3546999991
4.050995647	0.3578999937
4.060995399	0.3610999882
4.070995628	0.3643000126
4.080995857	0.3675999939
4.090995609	0.3709999919
4.100995838	0.3743000031
4.11099559	0.377700001
4.120995819	0.381099999
4.130995571	0.3846000135
4.1409958	0.3883999884
4.150995552	0.3925999999
4.16099578	0.3968999982
4.170995533	0.4013000131
4.180995761	0.4056000113
4.190995513	0.410100013
4.200995742	0.4146000147
4.210995494	0.4192000031
4.220995723	0.4237999916
4.230995475	0.4284999967
4.240995704	0.4332999885
4.250995456	0.4381000102
4.260995685	0.4429999888
4.270995437	0.4480000138
4.280995666	0.4553000033
4.290995418	0.4665000141
4.300995647	0.4814999998
4.310995399	0.5034999847
4.320995628	0.5299000144
4.330995857	0.5554000139
4.340995609	0.5799999833
4.350995838	0.6037999988
4.36099559	0.6266000271
4.370995819	0.6485999823
4.380995571	0.6697999835
4.3909958	0.690500021
4.400995552	0.7106000185
4.41099578	0.7303000093
4.420995533	0.7458999753
4.430995761	0.7585999966
4.440995513	0.7694000006
4.450995742	0.7785000205
4.460995494	0.7857000232
4.470995723	0.7911000252
4.480995475	0.7947000265
4.490995704	0.7965000272
4.500995456	0.7965000272
4.510995685	0.7946000099
4.520995437	0.804700017
4.530995666	0.8184000254
4.540995418	0.8476999998
4.550995647	0.8779000044
4.560995399	0.9089999795
4.570995628	0.9409999847
4.580995857	0.9739999771
4.590995609	1.008000016
4.600995838	1.042999983
4.61099559	1.078999996
4.620995819	1.128999949
4.630995571	1.164000034
4.6409958	1.152999997
4.650995552	1.136000037
4.660995542	1.121000051
4.670995533	1.10800004
4.680995523	1.09800005
4.690995513	1.090000033
4.700995742	1.085000038
4.710995733	1.082000017
4.720995723	1.082000017
4.730995714	1.083999991
4.740995704	1.092000008
4.750995695	1.100000024
4.760995685	1.106999993
4.770995676	1.113999963
4.780995666	1.120000005
4.790995657	1.126000047
4.800995647	1.129999995
4.810995637	1.13499999
4.820995628	1.138000011
4.830995618	1.141000032
4.840995609	1.14199996
4.850995599	1.143000007
4.86099559	1.143000007
4.87099558	1.143000007
4.880995571	1.143000007
4.890995561	1.14199996
4.900995552	1.141000032
4.910995542	1.139999986
4.920995533	1.139000058
4.930995523	1.136999965
4.940995513	1.131999969
4.950995504	1.128000021
4.960995733	1.123999953
4.970995723	1.121000051
4.980995714	1.118999958
4.990995704	1.116999984
5.000995695	1.11500001
5.010995685	1.113000035
5.020995676	1.113999963
5.030995666	1.11500001
5.040995657	1.118000031
5.050995647	1.121999979
5.060995637	1.126000047
5.070995628	1.131000042
5.080995618	1.13499999
5.090995609	1.139999986
5.100995599	1.152999997
5.11099559	1.276000023
5.12099558	1.345999956
5.130995571	1.36500001
5.140995561	1.375
5.150995552	1.409000039
5.160995542	1.442999959
5.170995533	1.475999951
5.180995523	1.508000016
5.190995513	1.541000009
5.200995504	1.572999954
5.210995733	1.610000014
5.220995723	1.649999976
5.230995475	1.707999945
5.240995704	1.758000016
5.250995695	1.791000009
5.260995685	1.807999969
5.270995676	1.825000048
5.280995666	1.845999956
5.290995657	1.868999958
5.300995647	1.89199996
5.310995637	1.917000055
5.320995628	1.944000006
5.330995618	1.970000029
5.340995609	1.996000051
5.350995599	2.019999981
5.36099559	2.04399991
5.37099558	2.066999912
5.380995571	2.088999987
5.390995561	2.112999916
5.400995552	2.145999908
5.410995542	2.183000088
5.420995533	2.221999884
5.430995523	2.15899992
5.440995513	2.176000118
5.450995504	2.181999922
5.460995494	2.177000046
5.470995485	2.161999941
5.480995475	2.135999918
5.490995704	2.082000017
5.500995695	2.015000105
5.510995685	1.937999964
5.520995676	1.853000045
5.530995666	1.758000016
5.540995657	1.652999997
5.550995647	1.539000034
5.560995637	1.455000043
5.570995628	1.411999941
5.580995618	1.373999953
5.590995609	1.343000054
5.600995599	1.317999959
5.61099559	1.299000025
5.62099558	1.286000013
5.630995571	1.279000044
5.640995561	1.279000044
5.650995552	1.284999967
5.660995542	1.289000034
5.670995533	1.299999952
5.680995523	1.317999959
5.690995513	1.345000029
5.700995504	1.376000047
5.710995494	1.407999992
5.720995485	1.442999959
5.730995475	1.478999972
5.740995704	1.51699996
5.750995695	1.557000041
5.760995685	1.59800005
5.770995676	1.639999986
5.780995666	1.684999943
5.790995657	1.730999947
5.800995647	1.786999941
5.810995637	1.906999946
5.820995628	2.046999931
5.830995618	2.151000023
5.840995609	2.220999956
5.850995599	2.256999969
5.86099559	2.256999969
5.87099558	2.22300005
5.880995571	2.214999914
5.890995561	2.246000051
5.900995552	2.299000025
5.910995542	2.301000118
5.920995533	2.21600008
5.930995523	2.04399991
5.940995513	1.784000039
5.950995504	1.508000016
5.960995494	1.488999963
5.970995485	1.470000029
5.980995475	1.452999949
5.990995704	1.437000036
6.000995695	1.422000051
6.010995685	1.407999992
6.020995676	1.394999981
6.030995666	1.383999944
6.040995657	1.373999953
6.050995647	1.366000056
6.060995637	1.363999963
6.070995628	1.371000051
6.080995618	1.386000037
6.090995609	1.409999967
6.100995599	1.442000031
6.11099559	1.48300004
6.12099558	1.532999992
6.130995571	1.572999954
6.140995561	1.603999972
6.150995552	1.636999965
6.160995542	1.672000051
6.170995533	1.707999945
6.180995523	1.74000001
6.190995513	1.769999981
6.200995504	1.797999978
6.210995494	1.824000001
6.220995485	1.84800005
6.230995475	1.868999958
6.240995466	1.889000058
6.250995456	1.896999955
6.260995447	1.792999983
6.270995437	1.722000003
6.280995428	1.718000054
6.290995418	1.725000024
6.300995409	1.741999984
6.310995637	1.769000053
6.320995628	1.807000041
6.330995618	2.174000025
6.340995609	2.648000002
6.350995599	3.059999943
6.36099559	3.020999908
6.37099558	2.854000092
6.380995571	2.707000017
6.390995561	2.64199996
6.400995552	2.60800004
6.410995542	2.609999895
6.420995533	2.641000032
6.430995523	2.693000078
6.440995513	2.717000008
6.450995504	2.697000027
6.460995494	2.66899991
6.470995485	2.634000063
6.480995475	2.59100008
6.490995466	2.539999962
6.500995456	2.492000103
6.510995447	2.460000038
6.520995437	2.440999985
6.530995428	2.424999952
6.540995418	2.411999941
6.550995409	2.400000095
6.560995637	2.390000105
6.570995628	2.381999969
6.580995618	2.375999928
6.590995609	2.375
6.600995599	2.378000021
6.61099559	2.382999897
6.62099558	2.392999887
6.630995571	2.41899991
6.640995561	2.464999914
6.650995552	2.520999908
6.660995661	2.585000038
6.670995652	2.655999899
6.680995642	2.733999968
6.690995633	2.85800004
6.700995623	2.954999924
6.710995614	2.993000031
6.720995604	3.023999929
6.730995595	3.049999952
6.740995585	3.073999882
6.750995575	3.092999935
6.760995566	3.101000071
6.770995556	3.096999884
6.780995547	3.072000027
6.790995537	3.022000074
6.800995528	2.967000008
6.810995757	2.907000065
6.820995747	2.842000008
6.830995738	2.770999908
6.840995728	2.703000069
6.850995718	2.677999973
6.860995709	2.65899992
6.870995699	2.660000086
6.88099569	2.691999912
6.89099568	2.769999981
6.900995671	2.938999891
6.910995661	3.187000036
6.920995652	3.551000118
6.930995642	4.191999912
6.940995633	4.888000011
6.950995623	4.68900013
6.960995614	4.010000229
6.970995604	3.387000084
6.980995595	2.743999958
6.990995585	2.15199995
7.000995575	2.131999969
7.010995566	2.15199995
7.020995556	2.177999973
7.030995547	2.259000063
7.040995537	2.484999895
7.050995528	3.201999903
7.060995757	4.421000004
7.070995747	4.152999878
7.080995738	3.996000051
7.090995728	3.714999914
7.100995718	3.312999964
7.110995709	2.736999989
7.120995699	2.584000111
7.13099569	2.494999886
7.14099568	2.437999964
7.150995671	2.404000044
7.160995661	2.355000019
7.170995652	2.286999941
7.180995642	2.198999882
7.190995633	2.191999912
7.200995623	2.247999907
7.210995614	2.328999996
7.220995604	2.426000118
7.23199576	2.540999889
7.241995751	2.667999983
7.251995741	2.766000032
7.261995732	2.822999954
7.271995722	2.832000017
7.281995713	2.75
7.291995703	2.631000042
7.301995694	2.526000023
7.311995684	2.437999964
7.321995675	2.365999937
7.331995665	2.305999994
7.341995656	2.257999897
7.351995646	2.226000071
7.361995636	2.220000029
7.371995627	2.223999977
7.381995617	2.230000019
7.391995608	2.239000082
7.401995598	2.25
7.411995589	2.213999987
7.421995579	2.167000055
7.43199557	2.121999979
7.44199556	2.076999903
7.451995551	2.03399992
7.461995541	1.991999984
7.471995532	1.950999975
7.48199576	1.911999941
7.491995751	1.879999995
7.501995741	1.855999947
7.511995732	1.833999991
7.521995722	1.815000057
7.531995713	1.797000051
7.541995703	1.784000039
7.551995694	1.781000018
7.561995684	1.792000055
7.571995675	1.815000057
7.581995665	1.893000007
7.591995656	2.049000025
7.601995646	2.154999971
7.611995636	2.180999994
7.621995627	2.207999945
7.631995617	2.236999989
7.641995608	2.26699996
7.651995598	2.299999952
7.6619955888	2.345999956
7.6719955793	2.394999981
7.6819955697	2.457999945
7.6919955602	2.542000055
7.7019955507	2.645999908
7.7119955411	2.76699996
7.7219955316	2.874000072
7.7319957605	2.894999981
7.7419957509	2.859999895
7.7519957414	2.835999966
7.7619957318	2.823999882
7.7719957223	2.823999882
7.7819957128	2.836999893
7.7919957032	2.859999895
7.8019956937	2.845000029
7.8119956842	2.842999935
7.8219956746	2.869999886
7.8319956651	2.944000006
7.8419956556	3.063999891
7.851995646	3.22300005
7.8619956365	3.375
7.8719956269	3.420000076
7.8819956174	3.359999895
7.8919956079	3.230000019
7.9019955983	3.273999929
7.9119955888	3.042999983
7.9219955793	2.844000101
7.9319955697	2.772000074
7.9419955602	2.737999916
7.9519955507	2.684999943
7.9619955411	2.618000031
7.9719955316	2.568000078
7.9819957605	2.530999899
7.9919957509	2.497999907
8.0019957414	2.469000101
8.0119957318	2.444999933
8.0219957223	2.427999973
8.0319957128	2.405999899
8.0419957032	2.378999949
8.0519956937	2.345999956
8.0619956842	2.305999994
8.0719956746	2.289999962
8.0819956651	2.289000034
8.0919956556	2.290999889
8.101995646	2.296000004
8.1119956365	2.303999901
8.1219956269	2.313999891
8.1319956174	2.323999882
8.1419956079	2.335000038
8.1519955983	2.345999956
8.161995559	2.357000113
8.1719955495	2.375999928
8.1819955399	2.394999981
8.1919955304	2.414000034
8.2019955208	2.433000088
8.2119955113	2.453000069
8.2219955018	2.467999935
8.2319957307	2.414000034
8.2419954827	2.368000031
8.2519957116	2.345000029
8.2619954636	2.323999882
8.2719956925	2.312000036
8.2819954446	2.308000088
8.2919956734	2.309999943
8.3019954255	2.321000099
8.3119956544	2.344000101
8.3219954064	2.375999928
8.3319956353	2.414999962
8.3419953873	2.463000059
8.3519956162	2.536000013
8.3619958451	2.615999937
8.3719955971	2.674999952
8.381995826	2.730999947
8.3919955781	3.516000032
8.401995807	3.203999996
8.4119955739	3.075000048
8.4219958028	3.124000072
8.4319955548	3.16899991
8.4419957837	3.217000008
8.4519955358	3.269999981
8.4619957646	3.326999903
8.4719955167	3.388999939
8.4819957456	3.454999924
8.4919954976	3.529000044
8.5019957265	3.611000061
8.5119954785	3.680999994
8.5219957074	3.717999935
8.5319954595	3.723999977
8.5419956883	3.694999933
8.5519954404	3.674999952
8.56199566926	4.109000206
8.57199542131	4.78000021
8.58199565019	5.15500021
8.59199540224	5.302999973
8.60199563112	5.663000107
8.61199586	5.849999905
8.62199561018	5.903999805
8.63199583906	6.586999893
8.64199559204	5.629000187
8.6519958207467	4.65500021
8.661995572966	4.03000021
8.67199580092	3.680999994
8.68199555296	3.385999918
8.69199578371	3.134000063
8.70199553575	2.944000006
8.71199576463	2.822000027
8.72199551668	2.770999908
8.73199574556	2.305999994
8.7419954976	2.313999891
8.75199572649	2.398000002
8.7619954785	2.431999922
8.7719957074	2.417999983
8.7819954595	2.352999926
8.7919956883	2.122999907
8.8019954404	1.200999975
8.8119956693	0.360799998
8.8219954213	0.3619999886
8.8319956502	0.3632000089
8.8419954022	0.3643999994
8.8519956311	0.3655000031
8.86199586	0.3666000068
8.871995612	0.3677000105
8.8819958409	0.3688000143
8.891995593	0.3698000014
8.9019958219	0.3707999885
8.911995559	0.3718000054
8.9219957879	0.3727999926
8.9319955399	0.3738000095
8.9419957688	0.3747000098
8.9519955208	0.3756000102
8.9619957497	0.3763999939
8.9719955018	0.3772999942
8.9819957307	0.3781000078
8.9919954827	0.3788999915
9.0019957116	0.3797000051
9.0119954636	0.3804999888
9.0219956925	0.3811999857
9.0319954446	0.3819000125
9.0419956734	0.3826000094
9.0519954255	0.3831999898
9.0619956544	0.3838999867
9.0719954064	0.3844999969
9.0819956353	0.3851000071
9.0919953873	0.3856000006
9.1019956162	0.3862000108
9.1119958451	0.3867000043
9.1219955971	0.3871999979
9.131995826	0.3876000047
9.1419955781	0.3880999982
9.151995807	0.388500005
9.1619955888	0.3889000118
9.1719958177	0.3892999887
9.1819955697	0.3896000087
9.1919957986	0.3898999989
9.2019955507	0.3901999891
9.2119957795	0.3905000091
9.2219955316	0.3907000124
9.2319957605	0.390899986
9.2419955125	0.3910000026
9.2519957414	0.3910000026
9.2619954934	0.390899986
9.2719957223	0.3907999992
9.2819954744	0.3905000091
9.2919957032	0.3901999891
9.3019954553	0.3898000121
9.3119956842	0.3894000053
9.3219954362	0.3887999952
9.3319956651	0.3882000148
9.3419954171	0.3874999881
9.351995646	0.3867000043
9.3619958749	0.3858999908
9.3719956269	0.3849000037
9.3819958558	0.3838999867
9.3919956079	0.3828000128
9.4019958368	0.3817000091
9.4119955888	0.3806999922
9.4219958177	0.3795999885
9.4319955697	0.3785000145
9.4419957986	0.3774000108
9.4519955507	0.3761999905
9.4619957795	0.3750999868
9.4719955316	0.3740000129
9.4819957605	0.3727000058
9.4919955125	0.3704000115
9.5019957414	0.3671000004
9.5119954934	0.3619999886
9.5219957223	0.3546000123
9.5319954744	0.3481999934
9.5419957032	0.3431000113
9.5519954553	0.3389999866
9.5619956842	0.3361999989
9.5719954362	0.3341999948
9.5819956651	0.3323999941
9.5919954171	0.3305999935
9.601995646	0.3287999928
9.6119958749	0.3271000087
9.6219956269	0.3253999949
9.6319958558	0.3237999976
9.6419956079	0.3221000135
9.6519958368	0.320600003
9.661995589	0.3190999925
9.671995818	0.3179999888
9.68199557	0.3170000017
9.691995799	0.3161000013
9.701995551	0.315200001
9.71199578	0.3143999875
9.721995532	0.3136999905
9.73199576	0.3131000102
9.741995513	0.3125999868
9.751995741	0.3122000098
9.761995493	0.3118000031
9.771995722	0.3115999997
9.781995474	0.3113999963
9.791995703	0.3113000095
9.801995455	0.3111000061
9.811995684	0.3109999895
9.821995436	0.3107999861
9.831995665	0.3106999993
9.841995417	0.3106000125
9.851995646	0.3104000092
9.861995875	0.3102999926
9.871995627	0.3102000058
9.881995856	0.3100000024
9.891995608	0.3098999858
9.901995837	0.3097000122
9.911995589	0.3095999956
9.921995818	0.3095000088
9.93199557	0.3093000054
9.941995799	0.3091999888
9.951995551	0.3091000021
9.96199578	0.3088999987
9.971995532	0.3088000119
9.98199576	0.3086999953
9.991995513	0.3084999919
10.001995741	0.3084000051
10.011995493	0.3082999885
10.021995722	0.3082000017
10.031995474	0.3082000017
10.041995703	0.3082999885
10.051995455	0.3082999885
10.061995684	0.3082999885
10.071995436	0.3082999885
10.081995665	0.3084000051
10.091995417	0.3084000051
10.101995646	0.3084000051
10.111995875	0.3084000051
10.121995627	0.3084999919
10.131995856	0.3084999919
10.141995608	0.3084999919
10.151995837	0.3084999919
10.161995589	0.3086000085
10.171995818	0.3086000085
10.18199557	0.3086000085
10.191995799	0.3086000085
10.201995551	0.3086000085
10.21199578	0.3086999953
10.221995532	0.3086999953
10.23199576	0.3086999953
10.241995513	0.3086999953
10.251995741	0.3088000119
10.261995493	0.3088000119
10.271995722	0.3088000119
10.281995474	0.3088000119
10.291995703	0.3088000119
10.301995455	0.3088999987
10.311995684	0.3088999987
10.321995436	0.3088999987
10.331995665	0.3089999855
10.341995417	0.3089999855
10.351995646	0.3091000021
10.361995875	0.3091999888
10.371995627	0.3093000054
10.381995856	0.3093000054
10.391995608	0.3093999922
10.401995837	0.3095000088
10.411995589	0.3095999956
10.421995818	0.3097000122
10.43199557	0.309799999
10.441995799	0.309799999
10.451995551	0.3098999858
10.46199578	0.3098999858
10.471995532	0.3100000024
10.48199576	0.3100999892
10.491995513	0.3100999892
10.501995741	0.3100999892
10.511995493	0.3102000058
10.521995722	0.3102000058
10.531995474	0.3102000058
10.541995703	0.3102999926
10.551995455	0.3102999926
10.561995684	0.3102999926
10.571995436	0.3102999926
10.581995665	0.3102999926
10.591995417	0.3102999926
10.601995646	0.3102999926
10.611995875	0.3102999926
10.621995627	0.3102999926
10.631995856	0.3102999926
10.641995608	0.3102999926
10.651995837	0.3102999926
10.66199547	0.3102000058
10.671995698	0.3102000058
10.681995451	0.3102000058
10.691995679	0.3100999892
10.701995431	0.3100999892
10.71199566	0.3100999892
10.721995412	0.3100000024
10.731995641	0.3100000024
10.741995393	0.3098999858
10.751995622	0.309799999
10.761995374	0.309799999
10.771995603	0.3097000122
10.781995355	0.3095000088
10.791995584	0.3091000021
10.801995336	0.3084999919
10.811995565	0.3077000082
10.821995317	0.3068000078
10.831995546	0.3057000041
10.841995298	0.3046000004
10.851995527	0.3034999967
10.861995756	0.3021999896
10.871995508	0.300999999
10.881995737	0.2996999919
10.891995489	0.298299998
10.901995718	0.2969000041
10.91199547	0.295599997
10.921995698	0.2942999899
10.931995451	0.2930999994
10.941995679	0.2917999923
10.951995431	0.2906000018
10.96199566	0.2894999981
10.971995412	0.2883000076
10.981995641	0.2872000039
10.991995393	0.2865000069
11.001995622	0.2860000134
11.011995374	0.2854000032
11.021995603	0.2849000096
11.031995355	0.2843999863
11.041995584	0.2838999927
11.051995336	0.2833999991
11.061995565	0.2829999924
11.071995317	0.2824999988
11.081995546	0.2820000052
11.091995298	0.2815000117
11.101995527	0.2811000049
11.111995756	0.2806000113
11.121995508	0.2802000046
11.131995737	0.2797999978
11.141995489	0.2793000042
11.151995718	0.2788999975
11.16199547	0.2784999907
11.171995698	0.2781000137
11.181995451	0.277700007
11.191995679	0.2773000002
11.201995431	0.2768999934
11.21199566	0.2764999866
11.221995412	0.2761000097
11.232995569	0.2757999897
11.242995321	0.2754000127
11.25299555	0.2750999928
11.262995302	0.274699986
11.272995531	0.2743999958
11.28299576	0.273999989
11.292995512	0.2736999989
11.30299574	0.2734000087
11.312995492	0.2730999887
11.322995721	0.2727000117
11.332995473	0.2723999918
11.342995702	0.2721000016
11.352995454	0.2718000114
11.362995683	0.2714999914
11.372995435	0.2712000012
11.382995664	0.2709000111
11.392995416	0.2705999911
11.402995645	0.2703000009
11.412995397	0.2700000107
11.422995626	0.2698000073
11.432995378	0.2694999874
11.442995607	0.2691999972
11.452995359	0.2689999938
11.462995588	0.2687000036
11.47299534	0.2684000134
11.482995569	0.2682000101
11.492995321	0.2678999901
11.50299555	0.2675999999
11.512995302	0.2673999965
11.522995531	0.2671000063
11.53299576	0.2667999864
11.542995512	0.2666000128
11.55299574	0.2662999928
11.562995492	0.2660000026
11.572995721	0.2657999992
11.582995473	0.2655000091
11.592995702	0.2651999891
11.602995454	0.2648999989
11.612995683	0.2646999955
11.622995435	0.2644000053
11.632995664	0.2640999854
11.642995416	0.2637999952
11.652995645	0.2635999918
11.662995397	0.2633000016
11.672995626	0.2630000114
11.682995378	0.2626999915
11.692995607	0.2624999881
11.702995359	0.2621999979
11.712995588	0.2619000077
11.72299534	0.2617000043
11.732995569	0.2614000142
11.742995321	0.2610999942
11.75299555	0.260800004
11.762995302	0.2606000006
11.772995531	0.2603000104
11.78299576	0.2599999905
11.792995512	0.2597999871
11.80299574	0.2594999969
11.812995492	0.2592000067
11.822995721	0.2588999867
11.832995473	0.2585999966
11.842995702	0.2583000064
11.852995454	0.258100003
11.862995683	0.2578000128
11.872995435	0.2576000094
11.882995664	0.2572999895
11.892995416	0.2570999861
11.902995645	0.2569000125
11.912995397	0.2565999925
11.922995626	0.2563999891
11.932995378	0.2561999857
11.942995607	0.2560000122
11.952995359	0.2558999956
11.962995588	0.2556999922
11.97299534	0.2851999998
11.982995569	0.3156000078
11.992995321	0.3298999965
12.00299555	0.3280999959
12.012995302	0.3102999926
12.022995531	0.2763999999
12.03299576	0.2495999932
12.042995512	0.2495999932
12.05299574	0.2495000064
12.062995492	0.2494000047
12.072995721	0.2493000031
12.082995473	0.2492000014
12.092995702	0.2490999997
12.102995454	0.248999998
12.112995683	0.2488999963
12.122995435	0.2487999946
12.132995664	0.2486999929
12.142995416	0.2486000061
12.152995645	0.2485000044
12.162995397	0.248300001
12.172995626	0.2481999993
12.182995378	0.2480999976
12.192995607	0.2478999943
12.202995359	0.2477999926
12.212995588	0.2477000058
12.22299534	0.2475000024
12.232995092	0.2474000007
12.242995321	0.2471999973
12.25299555	0.2470999956
12.262995779	0.2469000071
12.272995054	0.2468000054
12.282995283	0.2466000021
12.292995512	0.2463999987
12.30299574	0.246299997
12.312995969	0.2460999936
12.322995245	0.2459000051
12.332995473	0.2457000017
12.342995702	0.2454999983
12.352995931	0.2453999966
12.362995206	0.2451999933
12.372995435	0.2450000048
12.382995664	0.2448000014
12.392995893	0.244599998
12.402995168	0.2443999946
12.412995397	0.2441000044
12.422995626	0.243900001
12.432995855	0.2436999977
12.44299513	0.2434999943
12.452995359	0.2433000058
12.462995588	0.2430000007
12.472995817	0.2427999973
12.482995092	0.2425999939
12.492995321	0.2423000038
12.50299555	0.2421000004
12.512995779	0.241899997
12.522995054	0.2416000068
12.532995283	0.2414000034
12.542995512	0.2410999984
12.55299574	0.2407999933
12.562995969	0.2406000048
12.572995245	0.2402999997
12.582995473	0.2399999946
12.592995702	0.2398000062
12.602995931	0.2395000011
12.612995206	0.239199996
12.622995435	0.2389000058
12.632995664	0.2386000007
12.642995893	0.2382999957
12.652995407	0.2379000038
12.662995636	0.237499997
12.672995864	0.2370000035
12.682996093	0.236499995
12.692995368	0.2358999997
12.702995597	0.2353000045
12.712995826	0.2345999926
12.722996055	0.2338999957
12.73299533	0.233099997
12.742995559	0.2322999984
12.752995788	0.2313999981
12.762996017	0.2304999977
12.772995292	0.2293000072
12.782995521	0.2278999984
12.79299575	0.2265000045
12.802995979	0.2250999957
12.812996208	0.2239000052
12.822995483	0.2229000032
12.832995712	0.2220000029
12.842995941	0.2213000059
12.85299617	0.2206999958
12.862995445	0.2203000039
12.872995674	0.2199999988
12.882995903	0.2197999954
12.892996131	0.2196000069
12.902995407	0.2193000019
12.912995636	0.2189999968
12.922995864	0.2187999934
12.932996093	0.2185000032
12.942995368	0.2181999981
12.952995597	0.2178000063
12.962995826	0.2175000012
12.972996055	0.2170999944
12.98299533	0.2168000042
12.992995559	0.2163999975
13.002995788	0.2160000056
13.012996017	0.2155999988
13.022995292	0.215200007
13.032995521	0.2146999985
13.04299575	0.2143000066
13.052995979	0.2137999982
13.062996208	0.2133000046
13.072995483	0.2127999961
13.082995712	0.2123000026
13.092995941	0.2117000073
13.10299617	0.2111999989
13.112995445	0.2106000036
13.122995674	0.2100999951
13.132995903	0.2094999999
13.142996131	0.2089000046
13.152995407	0.2082999945
13.162995636	0.2076999992
13.172995864	0.207100004
13.182996093	0.2064999938
13.192995368	0.2058999985
13.202995597	0.2053000033
13.212995826	0.2046000063
13.222996055	0.2039999962
13.23299533	0.2034000009
13.242995559	0.202700004
13.252995788	0.202000007
13.262996017	0.2012999952
13.272995292	0.2006999999
13.282995521	0.200000003
13.29299575	0.199300006
13.302995979	0.1985000074
13.312996208	0.1977999955
13.322995483	0.1970999986
13.332995712	0.1964000016
13.342995941	0.195600003
13.35299617	0.1949000061
13.362995445	0.1941000074
13.372995674	0.1932999939
13.382995903	0.1925999969
13.392996131	0.1917999983
13.402995407	0.1909999996
13.412995636	0.190200001
13.422995864	0.1894000024
13.432996093	0.1886000037
13.442995368	0.1877000034
13.452995597	0.1869000047
13.462995826	0.1860000044
13.472996055	0.1852000058
13.48299533	0.1843000054
13.492995559	0.1835000068
13.502995788	0.1826000065
13.512996017	0.1817000061
13.522995292	0.1808000058
13.532995521	0.1799000055
13.54299575	0.1790000051
13.552995979	0.1781000048
13.562996208	0.1772000045
13.572995483	0.1762000024
13.582995712	0.1752000004
13.592995941	0.1740999967
13.60299617	0.172999993
13.612995445	0.1720000058
13.622995674	0.1709000021
13.632995903	0.1699000001
13.642996131	0.1687999964
13.652995407	0.1677999943
13.662995636	0.1668000072
13.672995864	0.1658000052
13.682996093	0.1648000032
13.692995368	0.1639000028
13.702995597	0.1629000008
13.712995826	0.1620000005
13.722996055	0.1609999985
13.73299533	0.1600999981
13.742995559	0.1591999978
13.752995788	0.1582999974
13.762996017	0.1573999971
13.772995292	0.1564999968
13.782995521	0.1560000032
13.79299575	0.1594000012
13.802995979	0.1624000072
13.812996208	0.1648000032
13.822995483	0.1667000055
13.832995712	0.1680999994
13.842995941	0.1689999998
13.85299617	0.1694000065
13.862995445	0.1692000031
13.872995674	0.168599993
13.882995903	0.1675000042
13.892996131	0.1658000052
13.902995407	0.1635999978
13.912995636	0.1609999985
13.922995864	0.1578000039
13.932996093	0.1541000009
13.942995368	0.1499000043
13.952995597	0.1451999992
13.962995826	0.1411000043
13.972996055	0.1404999942
13.98299533	0.1398999989
13.992995559	0.1394000053
14.002995788	0.1387999952
14.012996017	0.1383000016
14.022995292	0.1377999932
14.032995521	0.1372999996
14.04299575	0.1367000043
14.052995979	0.1361999959
14.062996208	0.1357000023
14.072995483	0.1351999938
14.082995712	0.134800002
14.092995941	0.1342999935
14.10299617	0.1338
14.112995445	0.1333999932
14.122995674	0.1328999996
14.132995903	0.1324999928
14.142996131	0.1319999993
14.152995407	0.1316000074
14.162995636	0.1312000006
14.172995864	0.1307999939
14.182996093	0.130400002
14.192995368	0.1299999952
14.202995597	0.1296000034
14.212995826	0.1291999966
14.222996055	0.1288000047
14.23299533	0.1283999979
14.242995559	0.1280999929
14.252995788	0.127700001
14.262996017	0.1273999959
14.272995292	0.1270000041
14.282995521	0.126699999
14.29299575	0.1263999939
14.302995979	0.1261000037
14.312996208	0.1257999986
14.322995483	0.1254999936
14.332995712	0.1252000034
14.342995941	0.1248999983
14.35299617	0.1246000007
14.362995445	0.1243000031
14.372995674	0.1240999997
14.382995903	0.123800002
14.392996131	0.123499997
14.402995407	0.1216000021
14.412995636	0.1198000014
14.422995864	0.1180000007
14.432996093	0.1162
14.442995368	0.1143999994
14.452995597	0.1125999987
14.462995826	0.1108999997
14.472996055	0.1092000008
14.48299533	0.1075000018
14.492995559	0.1058000028
14.502995788	0.1040999964
14.512996017	0.1024999991
14.522995292	0.1009000018
14.532995521	0.09926000237
14.54299575	0.09768000245
14.552995979	0.09611000121
14.562996208	0.09455999732
14.572995483	0.09302999824
14.582995712	0.09151999652
14.592995941	0.09002999961
14.60299617	0.08855000138
14.612995445	0.08709999919
14.622995674	0.08566000313
14.632995903	0.0842500031
14.642996131	0.08285000175
14.652995407	0.08146999776
14.662995636	0.08010999858
14.672995864	0.07876999676
14.682996093	0.07744999975
14.692995368	0.07614000142
14.702995597	0.07485999912
14.712995826	0.07359000295
14.722996055	0.07235000283
14.73299533	0.07112000138
14.742995559	0.06990999728
14.752995788	0.068719998
14.762996017	0.06755000353
14.772995292	0.06639999896
14.782995521	0.06526999921
14.79299575	0.06414999813
14.802995979	0.06306000054
14.812996208	0.06198000163
14.822995483	0.06092000008
14.832995712	0.06336999685
14.842995941	0.06763999909
14.85299617	0.07187999785
14.862995445	0.07607000321
14.872995674	0.08021999896
14.882995903	0.0843200013
14.892996131	0.08839000016
14.902995407	0.09240999818
14.912995636	0.09639000148
14.922995864	0.1002999991
14.932996093	0.1041999981
14.942995368	0.108099997
14.952995597	0.1119000018
14.962995826	0.115699999
14.972996055	0.1194000021
14.98299533	0.1230999976
14.992995559	0.126699999
15.002995788	0.1303000003
15.012996017	0.1339000016
15.022995292	0.1374000013
15.032995521	0.1409000009
15.04299575	0.1442999989
15.052995979	0.1475999951
15.062996208	0.1509000063
15.072995483	0.1541000009
15.082995712	0.1571000069
15.092995941	0.1600999981
15.10299617	0.1630000025
15.112995445	0.1659000069
15.122995674	0.168599993
15.132995903	0.1712000072
15.142996131	0.1738000065
15.152995407	0.1763000041
15.162995636	0.1785999984
15.172995864	0.1808999926
15.182996093	0.1831
15.192995368	0.1852000058
15.202995597	0.1871999949
15.212995826	0.1890999973
15.222996055	0.1930000037
15.233995735	0.197300002
15.243995964	0.201700002
15.253996192	0.2061000019
15.263995468	0.2106000036
15.273995697	0.2151000053
15.283995925	0.2197999954
15.293996154	0.2243999988
15.30399543	0.2292000055
15.313995658	0.2339999974
15.323995887	0.2396000028
15.333996116	0.2549999952
15.343995391	0.268599987
15.35399562	0.2804999948
15.363995849	0.2906000018
15.373996078	0.2989000082
15.383995353	0.3055000007
15.393995582	0.3104000092
15.403995811	0.3134999871
15.41399604	0.3147999942
15.423995315	0.3143999875
15.433995544	0.3122000098
15.443995773	0.3082999885
15.453996002	0.3025999963
15.463996231	0.2951000035
15.473995506	0.2858999968
15.483995735	0.275000006
15.493995964	0.2623000145
15.503996192	0.2477999926
15.513995468	0.2316000015
15.523995697	0.2140000015
15.533995925	0.2144999951
15.543996154	0.2149000019
15.55399543	0.2153999954
15.563995658	0.2160000056
15.573995887	0.2166000009
15.583996116	0.2172999978
15.593995391	0.2180999964
15.60399562	0.2189999968
15.613995849	0.2199999988
15.623996078	0.2210000008
15.633995353	0.2221000046
15.643995582	0.2232999951
15.653995811	0.2246000022
15.66399604	0.2259999961
15.673995315	0.2274000049
15.683995544	0.2289000005
15.693995773	0.2304999977
15.703996002	0.2321999967
15.713996231	0.2338999957
15.723995506	0.235799998
15.733995735	0.2377000004
15.743995964	0.2397000045
15.753996192	0.2416999936
15.763995468	0.243900001
15.773995697	0.2460999936
15.783995925	0.2484000027
15.793996154	0.2508000135
15.80399543	0.2533000112
15.813995658	0.2558000088
15.823995887	0.2583999932
15.833996116	0.2610999942
15.843995391	0.2639000118
15.85399562	0.2666999996
15.863995849	0.2696999907
15.873996078	0.2727000117
15.883995353	0.2757999897
15.893995582	0.2790000141
15.903995811	0.2822000086
15.91399604	0.28549999
15.923995315	0.2888999879
15.933995544	0.2924000025
15.943995773	0.2960000038
15.953996002	0.2996000051
15.963996231	0.3034000099
15.973995506	0.3072000146
15.983995735	0.3109999895
15.993995964	0.3149999976
16.003996192	0.3190000057
16.013995468	0.3231999874
16.023995697	0.3273999989
16.033995925	0.3316000104
16.043996154	0.3359999955
16.05399543	0.3404000103
16.063995658	0.344900012
16.073995887	0.3495000005
16.083996116	0.3542000055
16.093995391	0.3609000146
16.10399562	0.366899997
16.113995849	0.3722000122
16.123996078	0.3767000139
16.133995353	0.3804999888
16.143995582	0.3833999932
16.153995811	0.3856000006
16.16399604	0.3869999945
16.173995315	0.3874999881
16.183995544	0.3792999983
16.193995773	0.3783999979
16.203996002	0.3768000007
16.213996231	0.3743999898
16.223995506	0.3781000078
16.233995735	0.3754000068
16.243995964	0.3718000054
16.253996192	0.3675999939
16.263995468	0.3639000058
16.273995697	0.3609000146
16.283995925	0.3583999872
16.293996154	0.3567000031
16.30399543	0.3555000126
16.313995658	0.3549999893
16.323995887	0.3551999927
16.333996116	0.3558999896
16.343995391	0.3571000099
16.35399562	0.3583000004
16.363995849	0.3592999876
16.373996078	0.3603000045
16.383995353	0.3610999882
16.393995582	0.3619000018
16.403995811	0.3625000119
16.41399604	0.3630999923
16.423995315	0.363499999
16.433995544	0.3639000058
16.443995773	0.364199996
16.453996002	0.3643000126
16.463996231	0.3643999994
16.473995506	0.3643999994
16.483995735	0.3643000126
16.493995964	0.3641000092
16.503996192	0.3637999892
16.513995468	0.3634000123
16.523995697	0.3628999889
16.533995925	0.3623000085
16.543996154	0.3616000116
16.55399543	0.360799998
16.563995658	0.3598999977
16.573995887	0.3589000106
16.583996116	0.3578999937
16.593995391	0.3567000031
16.60399562	0.355399996
16.613995849	0.3540999889
16.623996078	0.3526000082
16.633995353	0.351000011
16.643995582	0.3492999971
16.653995334	0.347600013
16.663995563	0.3456999958
16.673994838	0.3436999917
16.683995067	0.3416000009
16.693995296	0.3393999934
16.703995525	0.3370999992
16.713995754	0.334800005
16.723995029	0.3323000073
16.733995258	0.3296999931
16.743995487	0.3269999921
16.753995716	0.3242000043
16.763994991	0.3213
16.77399522	0.3183000088
16.783995449	0.315200001
16.793995677	0.3120000064
16.803994953	0.3086999953
16.813995182	0.3052000105
16.82399541	0.301699996
16.833995639	0.2980999947
16.843994915	0.2944000065
16.853995143	0.2906000018
16.863995372	0.2867000103
16.873995601	0.2833000124
16.883994876	0.2811000049
16.893995105	0.2790000141
16.903995334	0.27700001
16.913995563	0.275000006
16.923994838	0.2730999887
16.933995067	0.2712000012
16.943995296	0.2693000138
16.953995525	0.2675000131
16.963995754	0.2657999992
16.973995029	0.2640999854
16.983995258	0.2624999881
16.993995487	0.2608999908
17.003995716	0.2594000101
17.013994991	0.2578999996
17.02399522	0.2563999891
17.033995449	0.2551000118
17.043995677	0.2536999881
17.053994953	0.2524000108
17.063995182	0.2511999905
17.07399541	0.25
17.083995639	0.2488999963
17.093994915	0.2477999926
17.103995143	0.2467000037
17.113995372	0.2457000017
17.123995601	0.2446999997
17.133994876	0.2436999977
17.143995105	0.2427999973
17.153995334	0.241899997
17.163995563	0.2409999967
17.173994838	0.240199998
17.183995067	0.2393999994
17.193995296	0.2386000007
17.203995525	0.2378000021
17.213995754	0.2371000051
17.223995029	0.236499995
17.233995258	0.235799998
17.243995487	0.2352000028
17.253995716	0.2346999943
17.263994991	0.2340999991
17.27399522	0.2336000055
17.283995449	0.233099997
17.293995677	0.2327000052
17.303994953	0.2322999984
17.313995182	0.2319000065
17.32399541	0.2316000015
17.333995639	0.2311999947
17.343994915	0.2309000045
17.353995143	0.2307000011
17.363995372	0.230399996
17.373995601	0.2301000059
17.383994876	0.2298000008
17.393995105	0.2294999957
17.403995334	0.2293000072
17.413995563	0.2290000021
17.423994838	0.2286999971
17.433995067	0.2284999937
17.443995296	0.2282000035
17.453995525	0.2280000001
17.463995754	0.227699995
17.473995029	0.2275000066
17.483995258	0.2272000015
17.493995487	0.2269999981
17.503995716	0.226699993
17.513994991	0.2265000045
17.52399522	0.2263000011
17.533995449	0.2259999961
17.543995677	0.2257999927
17.553994953	0.2256000042
17.563995182	0.2254000008
17.57399541	0.2250999957
17.583995639	0.2249000072
17.593994915	0.2247000039
17.603995143	0.2245000005
17.613995372	0.2242999971
17.623995601	0.2240999937
17.633994876	0.2239000052
17.643995105	0.2237000018
17.653995334	0.2234999985
17.663995563	0.2233999968
17.673994838	0.2231999934
17.683995067	0.2230000049
17.693995296	0.2228000015
17.703995525	0.2225999981
17.713995754	0.2224999964
17.723995029	0.222299993
17.733995258	0.2221000046
17.743995487	0.2220000029
17.753995716	0.2217999995
17.763994991	0.2216999978
17.77399522	0.2214999944
17.783995449	0.2213000059
17.793995677	0.2212000042
17.803994953	0.2210000008
17.813995182	0.2208999991
17.82399541	0.2206999958
17.833995639	0.2205999941
17.843994915	0.2205000073
17.853995143	0.2203000039
17.863995372	0.2202000022
17.873995601	0.2201000005
17.883994876	0.2198999971
17.893995105	0.2197999954
17.903995334	0.2196999937
17.913995563	0.2196000069
17.923994838	0.2194000036
17.933995067	0.2193000019
17.943995296	0.2192000002
17.953995525	0.2190999985
17.963995754	0.2189999968
17.973995029	0.2188999951
17.983995258	0.2187999934
17.993995487	0.2187000066
18.003995716	0.2186000049
18.013994991	0.2185000032
18.02399522	0.2184000015
18.033995449	0.2182999998
18.043995677	0.2181999981
18.053994953	0.2180999964
18.063995182	0.2179999948
18.07399541	0.2178999931
18.083995639	0.2178999931
18.093994915	0.2178000063
18.103995143	0.2177000046
18.113995372	0.2176000029
18.123995601	0.2176000029
18.133994876	0.2175000012
18.143995105	0.2173999995
18.153995334	0.2173999995
18.163995563	0.2172999978
18.173994838	0.2172999978
18.183995067	0.2171999961
18.193995296	0.2171999961
18.203995525	0.2170999944
18.213995754	0.2170999944
18.223995029	0.2169999927
18.233995258	0.2169999927
18.243995487	0.2172999978
18.253995716	0.2187000066
18.263994991	0.2206999958
18.27399522	0.2232999951
18.283995449	0.2266000062
18.293995677	0.2305999994
18.303994953	0.2353000045
18.313995182	0.2413000017
18.32399541	0.2477000058
18.333995639	0.2538000047
18.343994915	0.2596000135
18.353995143	0.2651999891
18.363995372	0.2705000043
18.373995601	0.2754999995
18.383994876	0.2802000046
18.393995105	0.2845999897
18.403995334	0.2888000011
18.413995563	0.2926999927
18.423994838	0.296299994
18.433995067	0.2996000051
18.443995296	0.3027000129
18.453995525	0.3054000139
18.463995754	0.3079000115
18.473995029	0.3100999892
18.483995258	0.3120000064
18.493995487	0.3136999905
18.503995716	0.3151000142
18.513994991	0.3161000013
18.52399522	0.3170000017
18.533995449	0.3174999952
18.543995677	0.3176999986
18.553994953	0.3176999986
18.563995182	0.3174000084
18.57399541	0.3167999983
18.583995639	0.3160000145
18.593994915	0.3147999942
18.603995143	0.3134000003
18.613995372	0.3116999865
18.623995601	0.3097000122
18.633994876	0.3075000048
18.643995105	0.3048999906
18.65399533	0.3023000062
18.66399556	0.3021999896
18.67399484	0.3019999862
18.68399507	0.301699996
18.6939953	0.3012999892
18.70399552	0.3009000123
18.71399575	0.3003999889
18.72399503	0.2998000085
18.73399526	0.2991000116
18.74399549	0.298299998
18.75399572	0.2973999977
18.76399499	0.2964999974
18.77399522	0.2955000103
18.78399545	0.2944000065
18.79399568	0.2931999862
18.80399495	0.2919000089
18.81399518	0.2906000018
18.82399541	0.2890999913
18.83399564	0.2876000106
18.84399491	0.2860000134
18.85399514	0.2842999995
18.86399537	0.2824999988
18.8739956	0.2806999981
18.88399488	0.2786999941
18.89399511	0.27669999
18.90399533	0.2745999992
18.91399556	0.2723999918
18.92399484	0.2702000141
18.93399507	0.2678999901
18.9439953	0.265899986
18.95399552	0.2637999952
18.96399575	0.2621999979
18.97399503	0.260800004
18.98399526	0.2592999935
18.99399549	0.2578000128
19.00399572	0.2563999891
19.01399499	0.2549000084
19.02399522	0.2535000145
19.03399545	0.2524999976
19.04399568	0.2518000007
19.05399495	0.2513999939
19.06399518	0.2515000105
19.07399541	0.2518000007
19.08399564	0.2526000142
19.09399491	0.2536999881
19.10399514	0.2556000054
19.11399537	0.2590000033
19.1239956	0.2628000081
19.13399488	0.2667999864
19.14399511	0.2707999945
19.15399533	0.2748000026
19.16399556	0.2790000141
19.17399484	0.283100009
19.18399507	0.2874000072
19.1939953	0.2917000055
19.20399552	0.2960000038
19.21399575	0.3003999889
19.22399503	0.3048999906
19.23499566	0.3093999922
19.24499494	0.361499995
19.25499517	0.3652999997
19.2649954	0.3688000143
19.27499562	0.3718999922
19.2849949	0.3745999932
19.29499513	0.3770000041
19.30499536	0.3790999949
19.31499559	0.3806999922
19.32499486	0.3819999993
19.33499509	0.3829999864
19.34499532	0.3835999966
19.35499555	0.3838999867
19.36499482	0.3837000132
19.37499505	0.3833000064
19.38499528	0.3826999962
19.39499551	0.3829999864
19.40499574	0.383100003
19.41499501	0.3828000128
19.42499524	0.3822999895
19.43499547	0.3815000057
19.4449957	0.380400002
19.45499498	0.3790000081
19.4649952	0.3774000108
19.47499543	0.3754000068
19.48499566	0.3731999993
19.49499494	0.3707000017
19.50499517	0.3680000007
19.5149954	0.3652000129
19.52499562	0.3634000123
19.5349949	0.3614000082
19.54499513	0.3592000008
19.55499536	0.3569000065
19.56499559	0.3544000089
19.57499486	0.3517000079
19.58499509	0.3488000035
19.59499532	0.3458000124
19.60499555	0.342599988
19.61499482	0.3398000002
19.62499505	0.3402999938
19.63499528	0.3407999873
19.64499551	0.3413000107
19.65499574	0.3418000042
19.66499501	0.3424000144
19.67499524	0.342900008
19.68499547	0.3434999883
19.6949957	0.3440999985
19.70499498	0.3447999954
19.7149952	0.3454000056
19.72499543	0.3461000025
19.73499566	0.3467999995
19.74499494	0.347600013
19.75499517	0.34830001
19.7649954	0.3490999937
19.77499562	0.3499000072
19.7849949	0.350699991
19.79499513	0.3515000045
19.80499536	0.3524000049
19.81499559	0.3533000052
19.82499486	0.3542000055
19.83499509	0.3551000059
19.84499532	0.3560000062
19.85499555	0.3569999933
19.86499482	0.3580000103
19.87499505	0.3589000106
19.88499528	0.3594999909
19.89499551	0.3598999977
19.90499574	0.3601000011
19.91499501	0.3601000011
19.92499524	0.3598000109
19.93499547	0.3592999876
19.9449957	0.3585000038
19.95499498	0.3576000035
19.9649952	0.356400013
19.97499543	0.3549999893
19.98499566	0.3533000052
19.99499494	0.3515000045
20.00499517	0.3494000137
20.0149954	0.3470000029
20.02499562	0.3443999887
20.0349949	0.3416000009
20.04499513	0.3386000097
20.05499536	0.3352999985
20.06499559	0.3318000138
20.07499486	0.3280000091
20.08499509	0.324000001
20.09499532	0.324000001
20.10499555	0.3242000043
20.11499482	0.3242999911
20.12499505	0.3244000077
20.13499528	0.3246000111
20.14499551	0.3248000145
20.15499574	0.3249000013
20.16499501	0.3251000047
20.17499524	0.3253000081
20.18499547	0.3255000114
20.1949957	0.3257000148
20.20499498	0.326000005
20.2149952	0.3262000084
20.22499543	0.3264000118
20.23499471	0.326700002
20.24499494	0.3269000053
20.25499517	0.3271999955
20.2649954	0.3274999857
20.27499562	0.3276000023
20.28499585	0.3276999891
20.29499608	0.3278999925
20.3049944	0.3280000091
20.31499463	0.3282000124
20.32499486	0.3282999992
20.33499509	0.3285000026
20.34499532	0.328700006
20.35499555	0.3289000094
20.36499578	0.3291000128
20.37499601	0.3292999864
20.38499623	0.3294999897
20.39499456	0.3298000097
20.40499478	0.3300000131
20.41499501	0.3303000033
20.42499524	0.3305000067
20.43499547	0.3307999969
20.4449957	0.331099987
20.45499593	0.331400007
20.46499616	0.3316999972
20.47499448	0.3319999874
20.48499471	0.3323000073
20.49499494	0.3327000141
20.50499517	0.3330000043
20.5149954	0.3334000111
20.52499562	0.3337000012
20.53499585	0.334100008
20.54499608	0.3345000148
20.5549944	0.3348999918
20.56499463	0.3352999985
20.57499486	0.3357000053
20.58499509	0.3361000121
20.59499532	0.3366000056
20.60499555	0.3370000124
20.61499578	0.337500006
20.62499601	0.3379000127
20.63499623	0.3384000063
20.64499456	0.3388999999
20.65499478	0.3393999934
20.66499501	0.339899987
20.67499524	0.3404000103
20.68499547	0.3409000039
20.6949957	0.3415000141
20.70499593	0.3420000076
20.71499616	0.342599988
20.72499448	0.3431000113
20.73499471	0.3436999917
20.74499494	0.3443000019
20.75499517	0.344900012
20.7649954	0.3454999924
20.77499562	0.3461000025
20.78499585	0.3467000127
20.79499608	0.3474000096
20.8049944	0.3479000032
20.81499463	0.3481000066
20.82499486	0.3486999869
20.83499509	0.3508999944
20.84499532	0.3531000018
20.85499555	0.355399996
20.86499578	0.3576999903
20.87499601	0.3600000143
20.88499623	0.3623999953
20.89499456	0.3648999929
20.90499478	0.3673000038
20.91499501	0.3698000014
20.92499524	0.372299999
20.93499547	0.3749000132
20.9449957	0.3774999976
20.95499593	0.3801999986
20.96499616	0.3828999996
20.97499448	0.3846000135
20.98499471	0.3826000094
20.99499494	0.3815000057
21.00499517	0.3813000023
21.0149954	0.3819000125
21.02499562	0.3833000064
21.03499585	0.3856000006
21.04499608	0.3882000148
21.0549944	0.3907999992
21.06499463	0.3934000134
21.07499486	0.3961000144
21.08499509	0.3987999856
21.09499532	0.4016000032
21.10499555	0.4043000042
21.11499578	0.4072000086
21.12499601	0.4099999964
21.13499623	0.4129000008
21.14499456	0.4158000052
21.15499478	0.4187999964
21.16499501	0.4217000008
21.17499524	0.3711999953
21.18499547	0.3714999855
21.1949957	0.3718000054
21.20499593	0.3720999956
21.21499616	0.3723999858
21.22499448	0.3727000058
21.23499471	0.3729999959
21.24499494	0.3732999861
21.25499517	0.3736999929
21.2649954	0.3740000129
21.27499562	0.3743999898
21.28499585	0.3747000098
21.29499608	0.3750999868
21.3049944	0.3754999936
21.31499463	0.3759000003
21.32499486	0.3763000071
21.33499509	0.3765999973
21.34499532	0.3770999908
21.35499555	0.3774999976
21.36499578	0.3779000044
21.37499601	0.3639000058
21.38499623	0.3486000001
21.39499456	0.3486999869
21.40499478	0.3488000035
21.41499501	0.3490000069
21.42499524	0.3490999937
21.43499547	0.3492999971
21.4449957	0.3494000137
21.45499593	0.3495999873
21.46499616	0.3497999907
21.47499448	0.349999994
21.48499471	0.3501999974
21.49499494	0.3504000008
21.50499517	0.3506000042
21.5149954	0.3508000076
21.52499562	0.3510999978
21.53499585	0.3513000011
21.54499608	0.3515999913
21.5549944	0.3517999947
21.56499463	0.3521000147
21.57499486	0.3524000049
21.58499509	0.352699995
21.59499532	0.3529999852
21.60499555	0.3533000052
21.61499578	0.3535999954
21.62499601	0.3538999856
21.63499623	0.3542999923
21.64499456	0.3546000123
21.65499478	0.3549999893
21.66499501	0.3553000093
21.67499524	0.3556999862
21.68499547	0.356099993
21.6949957	0.3564999998
21.70499593	0.3569000065
21.71499616	0.3573000133
21.72499448	0.3576999903
21.73499471	0.358099997
21.74499494	0.3585000038
21.75499517	0.3589999974
21.7649954	0.3594000041
21.77499562	0.3598999977
21.78499585	0.3603999913
21.79499608	0.3609000146
21.8049944	0.3614000082
21.81499463	0.3619000018
21.82499486	0.3623999953
21.83499509	0.3864000142
21.84499532	0.4061999917
21.85499555	0.418900013
21.86499578	0.4246000051
21.87499601	0.423299998
21.88499623	0.4149000049
21.89499456	0.3995000124
21.90499478	0.3770999908
21.91499501	0.3702999949
21.92499524	0.3709999919
21.93499547	0.3716999888
21.9449957	0.3723999858
21.95499593	0.3731000125
21.96499616	0.3738999963
21.97499448	0.3745999932
21.98499471	0.3754000068
21.99499494	0.3761000037
22.00499517	0.3768999875
22.0149954	0.377700001
22.02499562	0.3785000145
22.03499585	0.3792999983
22.04499608	0.3801000118
22.0549944	0.3808999956
22.06499463	0.3817000091
22.07499486	0.3826000094
22.08499509	0.3833999932
22.09499532	0.3842999935
22.10499555	0.3851000071
22.11499578	0.3860000074
22.12499601	0.3869000077
22.13499623	0.3878000081
22.14499456	0.3887000084
22.15499478	0.3896000087
22.16499501	0.3905000091
22.17499524	0.3914000094
22.18499547	0.3923999965
22.1949957	0.3932999969
22.20499593	0.3943000138
22.21499616	0.3952000141
22.22499448	0.3962000012
22.23499471	0.3971999884
22.24499494	0.3982000053
22.25499517	0.3991999924
22.2649954	0.4002000093
22.27499562	0.4011999965
22.28499585	0.4022000134
22.29499608	0.4032000005
22.3049944	0.4043000042
22.31499463	0.4052999914
22.32499486	0.4063999951
22.33499509	0.4074999988
22.34499532	0.4084999859
22.35499555	0.4095999897
22.36499578	0.4106999934
22.37499601	0.4117999971
22.38499623	0.4129000008
22.39499456	0.4140000045
22.40499478	0.415199995
22.41499501	0.4156000018
22.42499524	0.4153999984
22.43499547	0.415199995
22.4449957	0.4149999917
22.45499593	0.4149000049
22.46499616	0.4147000015
22.47499448	0.4146000147
22.48499471	0.4144999981
22.49499494	0.4144000113
22.50499517	0.4142999947
22.5149954	0.4142000079
22.52499562	0.4142000079
22.53499585	0.4142000079
22.54499608	0.4140999913
22.5549944	0.4138999879
22.56499463	0.412499994
22.57499486	0.4111000001
22.58499509	0.409799993
22.59499532	0.4084999859
22.60499555	0.4072999954
22.61499578	0.4072000086
22.62499601	0.4079999924
22.63499623	0.4086999893
22.64499456	0.4093999863
22.65499478	0.4099999964
22.66499501	0.4106000066
22.67499524	0.4111999869
22.68499547	0.4117000103
22.6949957	0.4122000039
22.70499593	0.4126999974
22.71499616	0.4131000042
22.72499448	0.4133999944
22.73499471	0.4137000144
22.74499494	0.4140000045
22.75499517	0.4142000079
22.7649954	0.4144000113
22.77499562	0.4146000147
22.78499585	0.4147000015
22.79499608	0.4147000015
22.8049944	0.4147000015
22.81499463	0.4147000015
22.82499486	0.4146000147
22.83499509	0.4144999981
22.84499532	0.4142999947
22.85499555	0.4140999913
22.86499578	0.4138000011
22.87499601	0.4133000076
22.88499623	0.4126000106
22.89499456	0.4119000137
22.90499478	0.4111000001
22.91499501	0.4101999998
22.92499524	0.4092000127
22.93499547	0.4081999958
22.9449957	0.407099992
22.95499593	0.4059999883
22.96499616	0.4047999978
22.97499448	0.4036000073
22.98499471	0.402399987
22.99499494	0.40169999
23.00499517	0.4020999968
23.0149954	0.4025000036
23.02499562	0.4029999971
23.03499585	0.4034000039
23.04499608	0.4038000107
23.0549944	0.4043000042
23.06499463	0.404700011
23.07499486	0.4052000046
23.08499509	0.4056999981
23.09499532	0.4061000049
23.10499555	0.4065999985
23.11499578	0.407099992
23.12499601	0.4075999856
23.13499623	0.4081999958
23.14499456	0.4086999893
23.15499478	0.4092000127
23.16499501	0.409799993
23.17499524	0.4102999866
23.18499547	0.4108999968
23.1949957	0.4113999903
23.20499593	0.4120000005
23.21499616	0.412499994
23.22499448	0.4131000042
23.23599607	0.4137000144
23.24599439	0.4142000079
23.25599462	0.4147999883
23.26599485	0.4153999984
23.27599507	0.4160000086
23.2859953	0.4165999889
23.29599553	0.4171999991
23.30599576	0.417899996
23.31599599	0.4185000062
23.32599622	0.4192000031
23.33599454	0.4198000133
23.34599477	0.4205000103
23.355995	0.4212000072
23.36599523	0.4219000041
23.37599546	0.4226000011
23.38599569	0.423299998
23.39599591	0.423999995
23.40599614	0.4246999919
23.41599446	0.4255000055
23.42599469	0.4262000024
23.43599492	0.4269999862
23.44599515	0.4277000129
23.45599538	0.4284999967
23.46599561	0.4293000102
23.47599584	0.4300999939
23.48599607	0.4309000075
23.49599439	0.4316999912
23.50599462	0.4325000048
23.51599485	0.4334999919
23.52599507	0.4343999922
23.5359953	0.4354000092
23.54599553	0.4363000095
23.55599576	0.4372000098
23.56599599	0.4379999936
23.57599622	0.4388999939
23.58599454	0.4397000074
23.59599477	0.4404999912
23.605995	0.4413000047
23.61599523	0.4420999885
23.62599546	0.4427999854
23.63599569	0.4435000122
23.64599591	0.4442000091
23.65599614	0.4449000061
23.66599446	0.445600003
23.67599469	0.4462000132
23.68599492	0.4467999935
23.69599515	0.4474000037
23.70599538	0.4480000138
23.71599561	0.4485000074
23.72599584	0.449000001
23.73599607	0.4494999945
23.74599439	0.4499999881
23.75599462	0.4505000114
23.76599485	0.4508999884
23.77599507	0.4512999952
23.7859953	0.451700002
23.79599553	0.4521000087
23.80599576	0.4523999989
23.81599599	0.4528000057
23.82599622	0.4530999959
23.83599454	0.453399986
23.84599477	0.4535999894
23.855995	0.4539000094
23.86599523	0.4541999996
23.87599546	0.454400003
23.88599569	0.4609999955
23.89599591	0.466899991
23.90599614	0.4717000127
23.91599446	0.4754999876
23.92599469	0.4781999886
23.93599492	0.4799999893
23.94599515	0.4806999862
23.95599538	0.4803000093
23.96599561	0.4788999856
23.97599584	0.4765000045
23.98599607	0.4731000066
23.99599439	0.4686000049
24.00599462	0.4629999995
24.01599485	0.4564999938
24.02599507	0.4489000142
24.0359953	0.4408000112
24.04599553	0.4406000078
24.05599576	0.4402999878
24.06599599	0.4401000142
24.07599622	0.4399000108
24.08599454	0.4397999942
24.09599477	0.4395999908
24.105995	0.4395000041
24.11599523	0.4393999875
24.12599546	0.4393000007
24.13599569	0.4392000139
24.14599591	0.4390999973
24.15599614	0.4390999973
24.16599446	0.4390999973
24.17599469	0.4390999973
24.18599492	0.4390999973
24.19599515	0.4390999973
24.20599538	0.4392000139
24.21599561	0.4393000007
24.22599584	0.4393000007
24.23599607	0.4395000041
24.24599439	0.4395999908
24.25599462	0.4397000074
24.26599485	0.4399000108
24.27599507	0.4401000142
24.2859953	0.4402999878
24.29599553	0.4404999912
24.30599576	0.4406999946
24.31599599	0.4410000145
24.32599622	0.4411999881
24.33599454	0.4415000081
24.34599477	0.4417000115
24.355995	0.4420000017
24.36599523	0.4422999918
24.37599546	0.4426000118
24.38599569	0.4426999986
24.39599591	0.4427999854
24.40599614	0.4427999854
24.41599446	0.442900002
24.42599469	0.4429999888
24.43599492	0.4431000054
24.44599515	0.4431999922
24.45599538	0.4433000088
24.46599561	0.4433999956
24.47599584	0.443599999
24.48599607	0.4436999857
24.49599439	0.4438999891
24.50599462	0.4440999925
24.51599485	0.4442999959
24.52599507	0.4444999993
24.5359953	0.4447999895
24.54599553	0.4449999928
24.55599576	0.4453000128
24.56599599	0.445600003
24.57599622	0.4458999932
24.58599454	0.4462000132
24.59599477	0.4465000033
24.605995	0.4467999935
24.61599523	0.4472000003
24.62599546	0.4474999905
24.63599569	0.4478999972
24.64599591	0.448300004
24.6559971	0.4487000108
24.66599542	0.4490999877
24.67599565	0.4490999877
24.68599588	0.4481000006
24.6959961	0.4471000135
24.70599633	0.4460999966
24.71599656	0.4451999962
24.72599679	0.4442000091
24.73599702	0.442900002
24.74599534	0.4415000081
24.75599557	0.440200001
24.7659958	0.4388000071
24.77599603	0.4375
24.78599626	0.4363000095
24.79599649	0.4350000024
24.80599672	0.4338000119
24.81599694	0.4325999916
24.82599717	0.4314999878
24.83599549	0.4304000139
24.84599572	0.4293000102
24.85599595	0.4282000065
24.86599618	0.4271000028
24.87599641	0.4260999858
24.88599664	0.4250999987
24.89599687	0.4241999984
24.9059971	0.4232000113
24.91599542	0.4223000109
24.92599565	0.4214000106
24.93599588	0.420599997
24.9459961	0.4196999967
24.95599633	0.418900013
24.96599656	0.4181999862
24.97599679	0.4174000025
24.98599702	0.4167000055
24.99599534	0.4160000086
25.00599557	0.4153000116
25.0159958	0.4147000015
25.02599603	0.4140999913
25.03599626	0.413500011
25.04599649	0.4129000008
25.05599672	0.4124000072
25.06599694	0.4119000137
25.07599717	0.4113999903
25.08599549	0.4108999968
25.09599572	0.41049999
25.10599595	0.410100013
25.11599618	0.4097000062
25.12599641	0.4092999995
25.13599664	0.4090000093
25.14599687	0.4086999893
25.1559971	0.4084999859
25.16599542	0.4081999958
25.17599565	0.4079000056
25.18599588	0.4077000022
25.1959961	0.407400012
25.20599633	0.4072000086
25.21599656	0.4070000052
25.22599679	0.4066999853
25.23599702	0.4065000117
25.24599534	0.4063000083
25.25599557	0.4061000049
25.2659958	0.4059000015
25.27599603	0.4056999981
25.28599626	0.4054999948
25.29599649	0.4052999914
25.30599672	0.405099988
25.31599694	0.4050000012
25.32599717	0.4047999978
25.33599549	0.4045999944
25.34599572	0.4045000076
25.35599595	0.4043000042
25.36599618	0.4041999876
25.37599641	0.4040000141
25.38599664	0.4038999975
25.39599687	0.4038000107
25.4059971	0.4036999941
25.41599542	0.4036000073
25.42599565	0.4036000073
25.43599588	0.4034999907
25.4459961	0.4034999907
25.45599633	0.4034000039
25.46599656	0.4034000039
25.47599679	0.4034000039
25.48599702	0.4032999873
25.49599534	0.4032000005
25.50599557	0.4031000137
25.5159958	0.4029999971
25.52599603	0.4029000103
25.53599626	0.4029000103
25.54599649	0.4027999938
25.55599672	0.4027999938
25.56599694	0.4027999938
25.57599717	0.4027999938
25.58599549	0.4027999938
25.59599572	0.4027999938
25.60599595	0.4029000103
25.61599618	0.4029000103
25.62599641	0.4029999971
25.63599664	0.4029999971
25.64599687	0.4031000137
25.6559971	0.4027999938
25.66599542	0.4025000036
25.67599565	0.4023000002
25.68599588	0.40200001
25.6959961	0.4018000066
25.70599633	0.4014999866
25.71599656	0.4013000131
25.72599679	0.4009999931
25.73599702	0.4007999897
25.74599534	0.4004999995
25.75599557	0.4002999961
25.7659958	0.400000006
25.77599603	0.3998000026
25.78599626	0.3995000124
25.79599649	0.399300009
25.80599672	0.398999989
25.81599694	0.3987999856
25.82599717	0.3986000121
25.83599549	0.3982999921
25.84599572	0.3980999887
25.85599595	0.3978999853
25.86599618	0.3975999951
25.87599641	0.3973999918
25.88599664	0.3971999884
25.89599687	0.3970000148
25.9059971	0.3966999948
25.91599542	0.3964999914
25.92599565	0.396299988
25.93599588	0.3961000144
25.9459961	0.3959000111
25.95599633	0.3957000077
25.96599656	0.3953999877
25.97599679	0.3952000141
25.98599702	0.3950000107
25.99599534	0.3948000073
26.00599557	0.394600004
26.0159958	0.3944000006
26.02599603	0.3941999972
26.03599626	0.3937999904
26.04599649	0.3932999969
26.05599672	0.3926999867
26.06599694	0.3921999931
26.07599717	0.3916999996
26.08599549	0.3910999894
26.09599572	0.3905999959
26.10599595	0.3901000023
26.11599618	0.3894999921
26.12599641	0.3889999986
26.13599664	0.388500005
26.14599687	0.3878999949
26.1559971	0.3874000013
26.16599542	0.3869000077
26.17599565	0.3862999976
26.18599588	0.385800004
26.1959961	0.3851999938
26.20599633	0.3847000003
26.21599656	0.3842000067
26.22599679	0.3835999966
26.23599702	0.383100003
26.24599534	0.3826000094
26.25599557	0.3820999861
26.2659958	0.3815000057
26.27599603	0.3810000122
26.28599626	0.3804999888
26.29599649	0.3799999952
26.30599672	0.3795000017
26.31599694	0.3790999949
26.32599717	0.3786999881
26.33599549	0.3783000112
26.34599572	0.3779999912
26.35599595	0.377700001
26.36599618	0.3774000108
26.37599641	0.3772000074
26.38599664	0.3768999875
26.39599687	0.3768000007
26.4059971	0.3765999973
26.41599542	0.3765000105
26.42599565	0.3763999939
26.43599588	0.3763000071
26.4459961	0.3763000071
26.45599633	0.3761000037
26.46599656	0.3756999969
26.47599679	0.3754000068
26.48599702	0.375
26.49599534	0.3747000098
26.50599557	0.3743000031
26.5159958	0.3740000129
26.52599603	0.3736000061
26.53599626	0.3732999861
26.54599649	0.3729000092
26.55599672	0.3725999892
26.56599694	0.372299999
26.57599717	0.3718999922
26.58599549	0.3716000021
26.59599572	0.3713000119
26.60599595	0.3709999919
26.61599618	0.3705999851
26.62599641	0.3702999949
26.63599664	0.3700000048
26.64599687	0.3697000146
26.6559971	0.3693999946
26.66599542	0.3691000044
26.67599565	0.3688000143
26.68599588	0.3684000075
26.6959961	0.3680999875
26.70599633	0.3677000105
26.71599656	0.3673999906
26.72599679	0.3670000136
26.73599702	0.3666999936
26.74599534	0.3662999868
26.75599557	0.3659000099
26.7659958	0.3655000031
26.77599603	0.3650999963
26.78599626	0.3646999896
26.79599649	0.3643000126
26.80599672	0.3639000058
26.81599694	0.363499999
26.82599717	0.3630999923
26.83599549	0.3625000119
26.84599572	0.3617999852
26.85599595	0.3610999882
26.86599618	0.3603999913
26.87599641	0.3598000109
26.88599664	0.3592000008
26.89599687	0.3585999906
26.9059971	0.3580000103
26.91599542	0.3574999869
26.92599565	0.3569000065
26.93599588	0.356400013
26.9459961	0.3558999896
26.95599633	0.355399996
26.96599656	0.3549999893
26.97599679	0.3544999957
26.98599702	0.3540999889
26.99599534	0.3535999954
27.00599557	0.3531999886
27.0159958	0.352699995
27.02599603	0.3522999883
27.03599626	0.3519000113
27.04599649	0.3515000045
27.05599672	0.351000011
27.06599694	0.3506000042
27.07599717	0.3501999974
27.08599549	0.3497999907
27.09599572	0.3494000137
27.10599595	0.3490000069
27.11599618	0.3486000001
27.12599641	0.3481999934
27.13599664	0.3477999866
27.14599687	0.3474000096
27.1559971	0.3470000029
27.16599542	0.3465999961
27.17599565	0.3461999893
27.18599588	0.3458000124
27.1959961	0.3454000056
27.20599633	0.3449999988
27.21599656	0.3447000086
27.22599679	0.3443000019
27.23699647	0.3438999951
27.2469967	0.3434999883
27.25699693	0.3431999981
27.26699716	0.3427999914
27.27699548	0.3424000144
27.28699571	0.3420999944
27.29699594	0.3416999876
27.30699617	0.3413000107
27.31699639	0.3409999907
27.32699662	0.3406000137
27.33699685	0.3402999938
27.34699708	0.339899987
27.3569954	0.3395999968
27.36699563	0.33919999
27.37699586	0.3388999999
27.38699609	0.3384999931
27.39699632	0.3382000029
27.40699655	0.3377999961
27.41699678	0.337500006
27.42699701	0.337199986
27.43699533	0.336800009
27.44699556	0.336499989
27.45699578	0.3361999989
27.46699601	0.3357999921
27.47699624	0.3355000019
27.48699647	0.3352000117
27.4969967	0.3348999918
27.50699693	0.3345000148
27.51699716	0.3341999948
27.52699548	0.3339000046
27.53699571	0.3336000144
27.54699594	0.3332000077
27.55699617	0.3328999877
27.56699639	0.3325999975
27.57699662	0.3323000073
27.58699685	0.3319999874
27.59699708	0.3316999972
27.6069954	0.3312999904
27.61699563	0.3310000002
27.62699586	0.3307000101
27.63699609	0.3303999901
27.64699632	0.3300999999
27.65699655	0.3298000097
27.66699678	0.3294999897
27.67699701	0.3291999996
27.68699533	0.3289000094
27.69699556	0.3285999894
27.70699578	0.3282999992
27.71699601	0.3280000091
27.72699624	0.3276999891
27.73699647	0.3273999989
27.7469967	0.3271000087
27.75699693	0.3267999887
27.76699716	0.3264999986
27.77699548	0.3262000084
27.78699571	0.3258999884
27.79699594	0.3257000148
27.80699617	0.3253999949
27.81699639	0.3251000047
27.82699662	0.3248000145
27.83699685	0.3244999945
27.84699708	0.3242000043
27.8569954	0.324000001
27.86699563	0.3237000108
27.87699586	0.3233999908
27.88699609	0.3231000006
27.89699632	0.3228999972
27.90699655	0.3226000071
27.91699678	0.3222999871
27.92699701	0.3221000135
27.93699533	0.3217999935
27.94699556	0.3215000033
27.95699578	0.3213
27.96699601	0.3210000098
27.97699624	0.3206999898
27.98699647	0.3204999864
27.9969967	0.3201999962
28.00699693	0.3199999928
28.01699716	0.3197000027
28.02699548	0.3194999993
28.03699571	0.3192000091
28.04699594	0.3190000057
28.05699617	0.3186999857
28.06699639	0.3185000122
28.07699662	0.3181999922
28.08699685	0.3179999888
28.09699708	0.3176999986
28.1069954	0.3174999952
28.11699563	0.3172000051
28.12699586	0.3170000017
28.13699609	0.3167999983
28.14699632	0.3165000081
28.15699655	0.3163000047
28.16699678	0.3161000013
28.17699701	0.3158000112
28.18699533	0.3156000078
28.19699556	0.3154000044
28.20699578	0.3151000142
28.21699601	0.3149000108
28.22699624	0.3147000074
28.23699647	0.3145000041
28.2469967	0.3142000139
28.25699693	0.3140000105
28.26699716	0.3138000071
28.27699548	0.3136000037
28.28699571	0.3134000003
28.29699594	0.3131000102
28.30699617	0.3129000068
28.31699639	0.3127000034
28.32699662	0.3125
28.33699685	0.3122999966
28.34699708	0.3120999932
28.3569954	0.3118999898
28.36699563	0.3116999865
28.37699586	0.3115000129
28.38699609	0.3113000095
28.39699632	0.3111000061
28.40699655	0.3109000027
28.41699678	0.3106999993
28.42699701	0.3104999959
28.43699533	0.3102000058
28.44699556	0.3100000024
28.45699578	0.309799999
28.46699601	0.3097000122
28.47699624	0.3095000088
28.48699647	0.3093000054
28.4969967	0.3091999888
28.50699693	0.3089999855
28.51699716	0.3088999987
28.52699548	0.3088000119
28.53699571	0.3086999953
28.54699594	0.3086999953
28.55699617	0.3086999953
28.56699639	0.3086000085
28.57699662	0.3086000085
28.58699685	0.3086000085
28.59699708	0.3086000085
28.6069954	0.3084999919
28.61699563	0.3082999885
28.62699586	0.3080999851
28.63699609	0.3079000115
28.64699632	0.3077000082
28.65699655	0.3075000048
28.66699678	0.3073000014
28.67699701	0.307099998
28.68699533	0.3068999946
28.69699556	0.3066999912
28.70699578	0.3066000044
28.71699601	0.3066999912
28.72699624	0.3068000078
28.73699647	0.3068999946
28.7469967	0.3070000112
28.75699693	0.307099998
28.76699716	0.3073000014
28.77699548	0.3073999882
28.78699571	0.3075999916
28.79699594	0.3077999949
28.80699617	0.3079999983
28.81699639	0.3082000017
28.82699662	0.3084000051
28.83699685	0.3086999953
28.84699708	0.3089999855
28.8569954	0.3093000054
28.86699563	0.3095999956
28.87699586	0.3098999858
28.88699609	0.3102999926
28.89699632	0.3106000125
28.90699655	0.3109999895
28.91699678	0.3113999963
28.92699701	0.3118000031
28.93699533	0.3122999966
28.94699556	0.3127000034
28.95699578	0.3131999969
28.96699601	0.3136000037
28.97699624	0.3140999973
28.98699647	0.3145999908
28.9969967	0.315200001
29.00699693	0.3156999946
29.01699716	0.3161999881
29.02699548	0.3167000115
29.03699571	0.3172999918
29.04699594	0.3177999854
29.05699617	0.3183000088
29.06699639	0.3188999891
29.07699662	0.3194000125
29.08699685	0.3199000061
29.09699708	0.3204999864
29.1069954	0.3210000098
29.11699563	0.3215000033
29.12699586	0.3217999935
29.13699609	0.3221000135
29.14699632	0.3224000037
29.15699655	0.3226999938
29.16699678	0.3230000138
29.17699701	0.323300004
29.18699533	0.3237000108
29.19699556	0.324000001
29.20699578	0.3242999911
29.21699601	0.3246000111
29.22699624	0.3249000013